0.0038954  0.00185616  0.00154555  0.00147336  0.00145525  0.00145086  0.00144973  0.00144946  0.00144944  0.00144941 

0.00362592  0.00114067  0.00081888  0.000745634  0.000727574  0.000723083  0.000721959  0.00072168  0.000721612  0.000721595 

0.00350091  0.000963861  0.000458789  0.000384334  0.000366051  0.00036152  0.000360396  0.000360117  0.000360048  0.00036003 

0.00344015  0.00093036  0.000283017  0.000204231  0.000185847  0.000181322  0.000180194  0.000179913  0.000179843  0.000179826 

0.00341064  0.000914037  0.00024013  0.000114745  9.59365e-05  9.13603e-05  9.02358e-05  8.9955e-05  8.98854e-05  8.98679e-05 



T=64  128  256  512  1024 

X=10  20  40  80  160  320  640  1280  2560  5120 

